1065331906
3713644020
2305670294
1080372760
1892350037
1286797620
4205620277
4210548687
1450934787
3841410387
3475040762
2854812158
14263738
3545929788
2339154455
568390564
2041014083
967869090
1323222420
543942212
710616170
1763710504
2612394451
2539273427
3147040470
3931350533
2270217430
418910502
3865276555
3480557544
2400274110
2872245369
3953366324
3115891782
3850045132
2691363220
3728662144
416820227
222211400
1749235925
2821282962
3591992265
1798896131
1275164517
1412561499
603341335
2214524349
4110009643
1844483217
2231132632
4093333838
1794244852
1942760621
80419899
2646756737
2378326313
4020866741
4198504612
3766410864
987564280
3985209699
373959677
717046770
1711659404
590543090
3207170592
2482778656
1251275475
1451909672
3680273063
36642122
4162854953
2817059741
1634037305
2977471769
434541590
374405500
413913759
1544232572
4262580536
1137165971
2071291059
1617769445
3283142847
2722786381
304741022
2653709096
2746109816
2838626294
849145391
3018926669
1968527368
3706399939
998958245
2438480773
1476919863
236060299
11567123
3494315134
1782772844
111983515
2960261021
1651505017
2283070152
1078923306
2272013587
3985641101
2678790882
2247594984
1622824222
4161704590
1797624849
1639218066
656893085
3852101355
2984260025
955238257
3124188877
3536901182
772169988
1833649659
422946338
3392701903
4149783679
2969097903
1023408416
1179583146
3745927952
2822857606
908457509
3318488739
1439662145
1092798131
3626735369
2938939295
1066646030
1217694360
3516783394
2795170740
3904355907
468089013
1826703395
4125628825
3056151673
314074261
1828312538
168307337
2145645883
2602207528
1440176108
3976785201
3684043048
1592892274
417071447
1542136917
3477862756
2500126157
2929795789
2948208376
3168242635
789725148
3360963545
2230421437
3371551352
2951542084
4217763622
896904552
3510796589
2390775426
627284989
4233089171
1260321794
2893285722
322298620
1148540665
3744198885
2704281778
753780855
1658469127
2027265173
3504355690
4019158570
2370995420
2956595946
3761386704
2960522399
1511330464
3283765403
3645038210
4217341897
832282224
1908338681
688860415
2068327921
43613860
3950288488
1112545640
3305271122
2472256418
2548400233
2756937229
701378356
3275091859
2299988869
2499952578
1675777151
4270377065
790969274
364568025
599000209
222190087
2452839747
2845516926
2654155118
2081009769
2497919188
3948639318
1333121415
364418113
2522699869
332612616
220594628
2895992607
1683931762
2258866909
1107157972
410094826
1469232259
3443088189
23334380
2412717461
2958894073
4244625540
1310167471
405801482
1189359799
1575580725
4175899305
4078155742
1493434944
1995639670
3166877801
1999324940
2270864361
706193714
4061521064
920274599
3729139337
816894402
3182923071
3302050384
2300401645
2102802774
287127448
209252352
973515837
2228379803
521474781
2724962455
1358517394
2418239050
2195203864
565280769
2474291252
4292033052
2490651244
989355118
1241424215
3184953411
3565825916
501841699
2497156325
3476492030
2514138217
322310924
2245608546
2918445923
3645602595
585122426
1843675174
1053179562
2985867337
3512272894
2929841777
1045090739
2815161575
479369857
3400923045
1150454756
80807206
2796084950
1341452863
2254405824
4106430081
2323075749
4040866467
1293319584
1923184604
3614887927
569123139
1583132978
937135636
456225995
1106244968
2274644699
998497644
1300968872
2589468715
3667178947
425162000
3100021320
1357669605
237519976
1504870179
3443919156
4129827324
1415282997
3455428709
3212531656
2954837107
1672486021
1883776062
3050987748
2967594779
4230146952
39266485
2123758646
1991904271
646551514
3434171512
564879043
1270969304
1498603310
2869402937
3094129815
3852294729
1745735924
1403571137
3222563988
3656295923
1236716350
3251769897
3558506680
3494879661
2594843906
3807477640
3866831657
2785817068
3209095674
2309210124
3999561078
751053512
1429184001
1599849290
2514547646
2854872797
1425961554
4012615007
218128611
956677686
1977320033
832994317
1689397316
243340356
1388268458
4162350190
2843424229
2227875961
699531285
474444211
1051893143
774956429
244259400
1421572187
1979436489
937040613
4040754855
3418301505
4155644696
399378200
1623799694
2365589897
184893882
1837844769
3105530224
3133835485
2671587496
471282432
30677878
4290942069
2648960146
199829360
1345334143
3984689328
2439710439
1327447712
729547810
3099642942
1853008065
3773325757
2287856061
2362541999
1722492311
783277986
3081145880
3231825550
1704208859
3208210256
490706869
2403170210
1016846313
3644075556
3309110367
3150104748
2333870319
2155046657
891021569
3590586924
3182068183
4172245333
3269215822
2675009420
3100632431
940928715
2398632000
2774862199
1070167893
145118863
4265237980
2201750650
3890950029
1307911825
1588093565
3074300104
3220405732
3701571002
3399315087
1400626136
3889440374
3130346705
3649492891
833979354
477608857
521872670
2150612158
1935116626
3535847295
1320781228
716342716
3776899405
2473885938
2447152618
245846248
3050373649
411491090
3413688190
1587448267
3131894145
3939682449
3568940973
733971792
577894731
1039975795
1718253758
2767557833
3555894367
1301688828
4091933350
3595683558
1960119834
3208952115
3691357687
3067086638
2298393157
1787699620
2873588737
3530565969
3236265559
211355885
684558057
2982467411
3334727621
1487368806
65066282
2598995088
3991843846
1938432421
452715627
2213721553
4109731143
1787891940
1438282412
3434291990
3149140864
634422819
1693810243
2052426676
40943508
2488979677
3505408430
3694312832
231633371
3674759038
2365158676
3856255012
2730948860
3649214073
105993942
2261663108
3540149552
2855728995
693078339
1378333348
2209788412
2097358036
1381751835
1751225289
1845934020
2962083039
3010129311
3413641781
1754407869
3183537327
186224595
3376662169
3252844762
1738007300
1233986699
2097093958
2551708334
2617745749
1857602431
2450827053
1418539880
4245336001
3304364826
1036681184
904572373
1622720982
3566127392
2912024942
2777788098
1741680063
3444140475
2407385522
1769935550
3137481406
1813310088
521660674
3309932864
4281587486
2452754747
3845464493
4107416140
3440204538
3347995988
2545438628
2687493710
2377635177
2275086268
2420806042
3743545742
3311617840
3355835526
1809253148
1608986552
3242148178
2526234150
1332798450
3582337596
210544600
4048908864
2446896323
3868027886
2859350261
2096233662
1813808952
1308269645
800864156
2953257253
4169367101
2611872866
3146912741
3748706833
448782406
613426099
8736964
18555282
2936471085
1339024836
254695847
1096896883
815164493
1163414034
2846693582
1066616647
2897971430
2453200251
3430177586
3558050469
3490901820
2545662975
2922809146
4109441193
2179014882
450776960
734898412
4263768191
3225880766
3636594338
2948937268
4290791176
1724454578
1100987877
264927291
1752104829
1797640181
3456159553
1375843758
1723498817
1603607661
1086792329
3055842664
4111825644
710001191
1592409025
3189508189
1982052813
638208412
2172410231
3819100667
1448929088
2978008681
319095352
2700613005
1492687443
1667345232
3215819029
384559690
4207317887
3611364919
4246947759
2137964437
3176081538
3229079850
1716123151
4161426968
3360093347
4163290254
2073375814
3215562519
3202862666
2648687607
716248380
2810440881
2301022820
1389025368
1023109489
928878430
2679009079
2419909612
2639199825
1079905997
2503629729
128546176
107922487
515286803
1817417542
1974770348
4210689667
3424998006
3453050476
3948992649
1196869079
3397804833
3730805869
593234961
3706811871
2741163198
3462849056
2172685972
2220075086
2330914868
3139495269
2197407984
1643555160
1152975217
1894498295
3510687317
1125959623
264357775
1684830154
988812640
454380998
560534470
1844715663
2865071626
3662015791
1200411837
1033553050
1839030663
1284409592
2724957133
4270376420
1470254435
2405749041
4102724258
1056894017
3668954583
3971364763
2612070157
45635255
2183985174
1078324931
927129173
2924187631
2950684401
3638095463
1104265181
1739216683
283671664
1007114243
990013466
87443435
2473485948
174745227
1856412992
415875548
4134074113
274400201
3162039524
233189448
3487939605
1991013642
3261193477
4268548700
4176143915
3310353707
3800679957
868837984
2846537424
2746604
2006289417
1535885967
4206582154
2912883232
2102237692
622387451
799446913
1926413005
2526201068
1929680443
529487845
1211066776
2569209718
2010031252
3938340527
1872913219
1889233104
101182485
770152294
3965981803
3547194954
3839524748
2014211681
4020084145
1259425618
3620036287
1662649975
4062573549
3682418700
1312124286
149911718
583157430
848358141
3728909856
4001074704
2102374272
3305885265
1351101666
4078892886
3252047100
4283920324
2797646027
2644253401
1125585824
996859162
4052103157
1754234447
1506584376
3087713808
212685303
2028259663
4259463628
4001991727
2243096177
4092867469
1259234401
78540624
2914467847
1454086620
2805692610
571416676
3401497164
4003640167
2216605756
1432697679
947576191
3342184044
333548944
3400183199
2939687008
3046316848
2985354009
1416290344
4255159826
4239133862
2507603358
3768942587
2807531307
300021416
2351968613
2805536086
1568266082
4145196172
1780001421
4066139057
404498555
2273784943
3977991852
2630246307
1075519044
3783969007
1619843107
1385335439
2821223765
642967295
812728827
992165943
994422793
3320797564
1845800653
709697303
3121788014
990095828
3891852385
3657548481
1828455918
1077387386
1865895860
3414873050
4243046560
437819583
2975166017
2678103574
345478867
4149620987
353318498
830631605
4257673741
835448166
469630762
2729078489
219692664
1494358970
985203330
3391082437
364270239
3130593925
3357139749
1636105505
488986990
1264357847
330818158
3376655288
2006229921
3055896026
2373216366
911242707
1278872256
1305091322
4240787317
1532488793
1736676069
1268702389
435232300
1939584590
2577163805
369464003
1269442587
3803967697
1924899095
3101597112
1182680226
3423065772
4034053708
1534173209
1049467031
2563227800
3943283986
1080348337
2799305607
2055168070
2036313081
878104222
2600620903
3465927234
2249897384
3325992638
604783390
1318235532
1136597363
4168095302
1118855965
3014459373
3678192923
2875706265
1312286825
2532064500
1605672277
3156448536
1781937483
1918765673
2777991563
4175068710
3134071343
4193561593
3740849698
2814491992
2032121605
245723500
3362266831
3742265341
1271222982
1956787243
2064183790
1584703445
1380813350
3410287516
3158567690
573013673
783047655
2021464730
3713060876
3805739083
2957457232
2002774119
486184239
2289327782
2895136628
468147926
3969221302
2185163539
1285038300
404845337
2035587641
2530610622
4091695343
2142902440
509345283
77116604
2012726384
2173270562
347082193
2003251145
4057923898
1317241937
72115548
2885396959
235323911
2663668344
1527364804
3834431554
1841182777
1977687866
1414599204
2682741499
1913033072
63981504
2498766474
2605048027
2104787644
222689121
4160281513
2727807173
3532705999
961041609
1826303335
4124212445
2195016779
1829595949
1900684534
260889977
991517439
1776251341
1653510913
8949483
3950184236
1238261506
724495255
278742905
2399184179
664067160
562475009
3117175605
3530947575
511122499
2032912311
3809267567
195050930
1891520241
501283768
234387553
2209466696
2858811089
3448827849
3594761760
1551065456
1333453508
1642190437
4020325900
154066226
1666963986
3014982045
1438561753
593933176
1777185146
3729526403
2529041987
1157263991
2237934912
1653202667
2486844243
611407786
1672536076
648608345
3666125160
2545561442
70892674
1148902805
2617461378
719791256
4043341202
418740839
957622629
2324865467
3073576357
2172221467
3067616593
3473090548
2172279337
4135414463
1746534172
351779100
104253727
1899100553
4015352874
3531359740
2581969926
1944446496
3758113802
2301151480
4020977778
2807194621
592397738
2282108046
4160348519
1027687807
3207237151
4282562818
593311116
2508540353
1572181580
2748906775
603847805
2393940017
2918979403
2390028893
1193515070
298897607
331080119
1099611206
3295476841
3846264867
2331064175
369034221
2087122888
3104655852
1463572079
2173570116
1628751124
523965949
1623124761
1176523986
1075817296
2699620023
40311393
1095606449
3578406492
3837658317
2434242777
78973176
121573463
3355986406
1289262985
1586260012
558011968
628951426
2891783205
1004112047
1350079195
3142527448
524017090
2527560739
4010057774
438651785
1908620765
3851615268
748684843
1777757217
1012323953
2858163603
976108765
2136497675
1079496603
339057944
3158103679
3405330351
173899255
2311980681
506071351
1717362560
3755027420
3554656946
2134753737
3069886552
3884483110
3706102510
2642714069
2800401693
4094490793
1112962588
1253396066
1901706435
4286030319
1116890471
1998771050
1663185275
1084304618
3120258948
735404577
3210581110
2312522516
2661611625
379744053
217871181
1292012117
3219373173
2222156005
1839708842
3967995458
1291525605
2910400783
272005596
2366975722
2985283281
1297070595
3979766180
190014641
3742817705
745092771
2868451999
2647595159
1923076519
3363415598
323308117
3215519388
2321237604
3023734670
2344858433
2538498029
3321812677
2767130440
3247201301
2353730581
1121296048
2434738496
951741249
1720131310
3945650765
1275786209
1579535224
2952802523
896232152
2793712710
2253551435
3057822624
2346814394
421714158
533074277
226154506
3926205093
3253282391
3913318085
2671696970
281467737
3202665173
3123681082
4278452110
1984117138
4092012066
2825667260
2505450852
939394769
85607664
649171826
2679078897
2663018849
3435094600
3732889837
1648655304
1893038166
1133670938
4105345037
1649238363
3457356958
1921214472
1385353599
3126740867
2819792970
196508360
3815301101
107219774
539212442
2293207790
1487606656
2013494982
4228721214
1253908536
1025684916
216908290
2997793574
1670658207
2626434994
2534072692
438616783
3764835984
2660676226
2383832644
1906961007
1010585541
779561357
3930115209
1598254395
654963748
169464931
285538357
541153110
3108505324
3461297786
1345037273
657232719
4213196449
1842202205
3267124887
2048554521
3791585110
583482475
1438649597
3435748679
3150867921
631961714
1387120868
3416562014
3164842440
4175641028
3561691504
4247102579
3654065554
2264697844
605780479
806206417
3371466776
3898627226
1005082828
999430634
2165116524
2851363443
367007979
1798933739
3258746766
1975014372
1408128119
2033556092
313862331
3749523611
1182032161
3552738565
3788997584
2877290618
4267682948
1477141051
463570389
3055077136
2638006876
3095467784
4252325179
250773031
3895705322
1330250505
4178697974
835296861
3231506995
402729647
3060382526
307217903
3794155868
1384517692
1093333270
2785469134
469976872
782582427
3081737980
456664629
2096963717
245039184
3331759151
898164425
1250938732
1952108230
3991109692
1603383006
2329630193
3246943969
1919475566
2999796173
4105414593
1605559401
1857278848
944698893
1636458890
1439575775
3700220119
3663052297
3891209196
3566034836
1916245327
4082908135
4000011543
4033573732
1361117497
189823028
1982419952
2797933636
2559922088
525397687
4096334765
45486512
3664718951
4023880126
3463982118
1127445283
1645249678
984705990
92578898
3489353038
3812525327
85340888
3655072280
2916900790
2134725892
3468230138
3116354924
3947370338
3810032605
1084521385
2045334822
13098043
1916124505
129565321
1348959035
3489496375
2939890571
3147034344
3929739783
539815962
2785077259
3451804388
2352119254
3118395585
3219646181
2417524573
2888111103
1156747561
3439813199
982947271
1808248192
2210529009
1753446257
3587469341
3090463132
3493171325
2325261678
2617448770
3306861284
3788566974
2937266690
1762878961
1400835558
3742145082
1526723249
687705250
3833569127
284063321
940131108
938527632
2288728122
3134768953
108634389
1957730464
339415303
3526566701
1449837737
4052969344
2762983323
2420230228
515769276
923610017
1776463976
1981264798
1162950381
3999971330
2124950773
1491441430
109373867
301446184
809102464
909317566
2341816686
4044204744
244473536
2909594510
2815432649
4014120332
1061524892
1678751414
3806284482
3657797
3180060695
2412096850
305548328
2086486594
4012826560
1324141212
1340100648
3894954604
1555165376
1115317719
198699059
1062983107
1232336919
1257374345
1844563732
3489852302
3192462034
3459113758
150741256
1044088108
1757335458
1913150174
100956573
2493411091
564190777
2088762918
4188599912
1670589733
1870174235
1001273396
3873610102
162161665
3617043459
3251905632
1629058869
977261261
3499620252
3930872617
2885777111
675383075
1732375216
2208792598
4093362423
3319906513
929260610
3224540962
3302064212
3295702722
2505347219
386244387
3673921671
984205540
2097365378
2501822398
251420629
1072414732
2958294821
3119138820
3951068800
3745550100
1613692911
1993641177
3480754484
2446635010
3609761111
3178169564
3700637611
2923260394
627910729
2266346037
3678229126
3930102416
1761108263
3610455837
4075504978
352772836
3175672557
834595651
1739893344
2390996085
3173840047
1907438290
1337395388
1606345613
1028198900
3813271311
3117072350
266361487
435687648
479082869
2638921495
3456314996
2684917650
319877748
1236248899
3180249247
4140699639
418661309
2836628223
3249476136
1433008246
628917944
4229718838
3660390271
3333794472
3364187330
3131969234
2507740145
386811950
992234224
1863249609
2682174316
742642268
4119077594
1360594659
2142103905
2520669848
3915694721
1262886431
2137189018
3837641658
1884359984
1272902847
33723845
3522465
1532132922
919894476
2968769668
1575640986
165994351
1871267580
2244876012
1024621608
1624260984
3784530137
4076886951
974769684
2619310449
380153950
3845231215
390342769
607375233
1860409940
3106019573
3380677226
1636270515
2893497898
1793037026
1631682961
2336660934
3529634293
749293849
2728126550
3487794537
4182880459
227572249
2118975905
3070404680
988949845
3435671839
624025138
3718864414
3255621403
562261131
2088933578
1064893227
200031873
2176487555
1187251871
3163674073
2907391725
3306691208
1643770208
4074413957
616735375
4083045830
2867323927
3355009198
1154826613
3785316878
2332894107
252389305
3960080729
3854123222
2859840683
720424511
2799012364
3563307256
4008610189
1791887505
2893231721
3970021402
3275234355
1820739202
3495183325
2844358523
929352699
1553942619
1272863313
1864522206
4119849761
2471250393
2095254896
2515005503
2066000516
151656609
3454917038
4154685552
4093127436
903721159
670524718
1616644424
384550870
3931913160
280861439
3725984181
2114456525
4011445353
2612687171
2214991291
2021841769
1353625995
133474164
4164872596
655096015
3213612790
2445523665
2738353719
3552724838
4264531418
1135316810
2447145437
4269717167
1736041613
1341176320
2329970564
1453164311
2735895871
2846548584
2638776115
2598522616
2032071938
3601172617
3506004391
2938688484
618607789
3878864236
4037424346
397656294
280209856
2994125511
3330743523
407984576
3900701258
2434310267
1021359365
1286683464
3724812022
461316682
3962905756
1180386933
1914325039
1184824337
66331542
1747175870
3120864675
3770558773
1260611607
1697160372
3857102401
3856768027
2674048758
3777926953
942724144
1091555398
1800745362
372677933
585251960
928792177
2630417396
2219586473
1150312953
1669130469
1584204926
3886312861
1153924733
1388007343
2424142746
605630718
1680190390
2771006783
531259816
528881944
2173217108
1224413703
4048592802
3038835561
1725022041
1501131501
2137171573
829196926
2524766609
614717285
3943992764
3114503453
2213707880
2595643510
2360339350
4206025664
4144138550
2421318765
4143444999
2042833703
3076497874
1250479414
861557631
3652727484
1313916293
1787155676
2259248989
1894011730
959421914
1602112769
3307270689
3259976738
4002179534
342018444
1383794762
2163700276
840062836
2568253508
3199360869
2301524853
1387820332
2067201754
3051758294
3835588177
2855050836
4213080209
4084954593
245563527
3123789334
1710566181
1309390732
1271623536
3942863174
605882673
3041984343
3074470843
3743977656
3251039883
2692226597
2579628936
773422279
2660675391
1535022128
81513187
1088915672
3306313541
2232798507
3090675980
1489775763
3202375828
1783813582
2866230813
2598320365
3556283669
1624789495
1813762651
2480246918
2842761255
470175054
2300893564
1377813615
2698773779
480507752
1983610765
649543765
2884592914
921057009
3360358817
2552051201
3411266484
2722759136
3478640097
3586666702
847105195
3035659772
3363640556
585763638
1436209854
3207795262
4151231083
277090205
1943176607
754934492
4139076132
1066335046
2175210635
75792828
3665673378
750172922
2851364578
1932401303
163509863
1716790089
1037282913
2448012396
1833830334
293343929
975657073
2078491297
709020944
644569284
1047306721
2303919894
166378162
1224249393
3823409180
1102987263
109543914
690634321
1773084409
3843341045
158985910
1990428741
2103609071
989042697
2343252421
488680634
1119060734
4072504917
902381777
499909695
640236338
608920023
845122966
2028034781
2960338719
1247020853
1135227529
4053824438
2570250597
1800313668
3786639352
3463647996
3985763857
2252864012
1741107599
2454063856
2634633890
428509427
2311036348
2663680511
2806625594
1714109461
1853506783
2144165391
1965429953
3295498397
3395483314
1580500419
1089163617
1132440167
4148717547
1032751568
712022549
4256291789
3684853693
4089923648
1845218040
3134211795
4183903891
3129154802
1921557384
2534568230
142797213
2029496192
1888274113
1452477842
563363076
3097324734
3482999848
1375652235
2511905307
2847617577
1799392743
2035486310
2975551595
2145758898
672889262
629226278
336540513
1914682852
1199984165
2936230511
3576232392
1460885482
4128384529
293945839
3385466989
2015603183
2177208104
1257589240
3760671981
2755947307
481327662
4073134442
2768737430
623005623
931974948
2622021481
2308739339
2761320294
2910619186
2370632273
3656966508
2716496171
13074442
784171208
1648888987
3643308132
3387712167
1805500260
2295028205
3019826655
216819357
2302562100
148162678
1877497491
2810721206
108558306
35488407
767668326
3498349586
315156766
645568108
3629889774
878305809
4261139436
1121568505
2395095582
4085852270
3054152349
2955042818
676880434
2500371333
2877898272
3014131270
2210472108
3045763070
1948602105
3237338360
3634425929
1674905454
4102021624
2584126498
2358655600
2018298266
143546168
990781753
2200325232
2652644515
4054009884
2071761234
1881814351
107690184
1384184321
1155928889
3703530320
4221671552
2847268678
2432533534
921680002
3692099001
3380414448
3924498022
1731340856
4265311106
2302429972
391700151
819367444
3064469720
733976538
3938705449
1061449755
3695581588
1100099421
3354046910
2946797086
2204681301
1121889771
1676521784
2273430325
698754797
3351995986
1200085402
3879994906
665503635
3570061642
2521099064
348637288
3474972326
2478784367
3632829079
1803056599
3426040467
4270920288
3127950521
737211047
95055729
2232615797
1722447484
1327379441
1838545675
295754182
443229650
3857667844
940795691
2556718225
2514191864
796262516
2455179896
1609314324
569529742
3366660486
3685895015
1350102374
3447346427
2121654093
3887784127
3672752980
2773830542
2357942006
1906433685
857859766
3916876541
141346094
3109694182
2934648539
3165195372
1160947470
1069123032
3544456321
837581060
3106470193
3693508398
2369499891
3544334947
2956853746
2078450994
3302816888
1740665272
1488993175
3884658124
3384144588
3991430581
2563257770
1889475922
1078745681
3439004802
941450613
3001519077
2716531969
538194746
2832876063
2635871735
410385418
1052688771
22266830
3636017284
335821340
2145685160
3018454439
2693435208
335887536
429744917
1817041096
72740814
2042843916
3755094652
1089581270
77406298
2427775681
2659979278
2340344437
2810648129
1642656733
894472864
2415255653
3656970226
2562739308
1800739404
3412321350
496371503
1534086527
440897851
188321295
3140455211
300328394
3792374575
1964184254
2879205600
592032970
4028210073
1397886961
2779397896
4253831251
960891717
3787769819
1864654652
1590825753
1125240026
1983958368
2576778450
4250270679
4214741860
2863813546
1857832227
2537594323
4015562295
498641575
2445731335
3409520371
2874397694
1958210525
897743469
1313939614
2715524108
1422222891
4200211307
190988218
2486433836
3964039402
220089590
2271368768
1218093781
2766193292
2539801368
3927151469
766293552
4211342703
3934958327
3009906019
2988411760
1474484215
3648773971
1664165784
4167594226
3226983526
3448366791
4199913337
409504191
2306659098
1474119532
2852039036
1358634439
3876417011
2006116411
2649815685
2629952930
1491471324
3007368607
1282765111
3072438666
220413951
1311290863
1228637612
3622978058
321378803
3639212238
3632669598
2426540521
2287262846
3900853513
2480280661
3728998268
675195979
733334590
1133059566
1396291910
1985319516
2930231468
3966270645
1439035254
2590186136
3660744513
3998625076
430908843
117501285
312623396
3140002907
2351439646
353419195
519278439
1165035537
3351966015
3666980164
3329544877
2461508263
2677508390
2344484624
2619591796
2174016528
1772300170
432871806
1499411815
1343993553
3640531069
1631585622
3427394453
1147301376
862281366
2859208492
3714793402
1125100057
872979087
2902575925
3657890723
1935359323
2223037873
3761605110
2322911071
3989501895
3252860498
1294647452
2910624837
2518062510
721882520
4071374606
2841613347
2163051912
1646862793
2844309957
1557919016
407700069
3700661435
4089043482
414184460
215736899
4181687303
362979427
881198032
3218197791
3897904882
1013491845
1426565798
2214634289
508271484
93528557
4078689109
3977419126
3812241630
153276911
516035523
1075822640
2485562827
2526397130
3926924624
3272880966
4091535531
4212134759
91510098
2672986488
3383119540
1624309205
4169697055
3957483709
2111237425
952614152
685858438
2661459915
2538294799
3769131573
1410800450
2809324046
569546818
1787799437
2422208270
2053835637
1998701037
3085925362
3851144302
1763663195
1831565903
2910700001
3450790933
953175574
873216571
323701277
1159280745
3213119682
4215616020
2651934122
1582746668
3070675698
3274101041
4234287429
2518384445
2664937902
3554037273
851241581
2977997638
1799839026
3707880952
71037527
1547651824
3890514100
3835043194
1276645909
2752104760
1613322548
235695112
1290618636
683490933
1606029027
3333644121
2981392335
802224748
3046447403
3844236644
1661935681
2721010443
3503127444
2964191897
282456419
2359068435
3546390324
4017577358
1155327792
1994455297
439540531
321832456
1218692009
1844632370
743588690
3228980582
394142931
2284896498
1185209990
989050365
3937190605
567346150
602751578
213107336
3538406888
222691704
2157799184
1161452744
832650236
1539651181
3753505388
295425694
1868823564
2894990931
2824224607
3723353036
3539669467
645712844
4009404198
1299198744
4168940765
2684943996
2438072412
67254151
2286389707
2919833363
4207051437
2137019036
1246262378
2362362087
3470227286
3652147647
1319535423
2872522029
1715248431
851974688
1249613127
2328235648
3339339419
1350831190
1977264094
194956358
1817213487
706593830
3594095544
1497441323
3029997936
3454785505
4008914026
2188385117
676648613
1733278345
3467422324
1466679490
398141865
1439672498
2199005006
3899299141
188222372
1886922197
3497029673
3331514477
906411357
2765284963
1171357362
2663686748
2123704444
2436146218
1931761010
754110265
594321791
2344778516
4289721406
2271241391
2136004353
2161454838
3121364773
5724104
3712537321
1711889313
287771190
1754040162
287471329
2011182527
536667588
364654712
449404927
1960891128
3464613277
2280255112
960222234
399303954
3447308704
54710025
3879224310
2882045858
1139820916
2489402145
1385189381
3954609545
2621053010
2462459912
1830495032
1357603275
328989070
2108255237
1744363863
1006530119
4204696497
3970341034
264869060
2783784163
3002236499
2491412551
2882872079
1354873383
3832436736
317520779
2312742600
2155729521
2262934728
3757992468
2527582423
2096491773
4231576044
1241228014
3959885931
3778830982
3880306978
442528958
2794300574
1135416281
486319766
3603655697
1104486586
3005793662
3860046135
2330774892
4103350329
1646137891
1878869665
2023378662
4061889243
366872556
367389439
1076973278
957171433
4092578073
4163358193
676093848
1653821755
4145509785
2239602968
4060641924
3675037565
487756482
664719051
1041536652
1827209165
2844083115
2962167225
3412936274
2489536538
2336137442
953790029
738159426
1925554534
2547752094
3506053398
3986294950
2855957110
815868163
67729835
4140932662
1602217109
191410139
1652525598
3890307204
2941037037
561647451
1768830901
2636690619
4202646954
3914863494
3364150128
1195754433
2451688876
89140766
2443937220
354283520
2181920610
786826813
1974406234
3134287337
3056214290
550339092
312800169
1361512948
4045496959
2781995262
2930512538
3162241789
65034457
1161775692
3926356153
2143990119
1628410444
3060302323
1301879864
832211738
2843919213
3852464519
2111832718
383471100
1484007500
3629020876
3891170990
3721013517
2188399955
3171735083
3691108360
832371384
1660429938
1484272084
3839668894
976044457
3867254799
1026739074
2535119123
1405734640
3915885005
1379738754
522313009
2394221352
1794385043
3858734891
2237784557
1869830856
887576975
644028946
2574162960
2662946457
2464407006
3565778657
2720380080
3342614375
372714464
1978027594
285587449
1668754633
3087373934
3147928391
3790635724
3230124932
379360985
2930008357
3697893454
1511683815
3986717027
1926994727
465873572
299421504
571590897
669582434
3762363884
2862643260
1916035398
78530863
2178475540
114486865
3441723561
2126409974
3402251956
2786879623
2060881621
382850921
2131925576
4202911824
1106749272
497764667
509120702
24411239
2092893520
2746082959
3607429092
2960408886
765607312
546545213
1181063002
3529852146
14556934
559370469
3845751763
1288230749
2570846206
2696556859
2939587719
3885513295
2561641442
4160792643
3235240237
1096224872
3696854870
2896005695
798296722
690549040
41227364
2252899883
4007715913
1429983560
693780205
2035078433
3703879771
2310140720
105385576
1241915621
2027217939
351294103
2669342866
1996554557
2153662639
3836236829
2080512601
2003765366
1975193254
3028003104
539122109
2440453755
1973313926
2195535705
1438929962
2805663377
2030579289
3422544722
59084120
4015466757
121232664
1365189410
1762593832
469916998
379101499
1934820881
194766969
563906828
2980175210
1530752770
3714808415
2411663879
2958369847
941623918
2189023445
1375152935
1813249940
2165643718
2347257179
1936070896
1436424386
1074441042
3393655663
3255600741
3481613944
757130792
3780795727
3099966992
1859502492
3949120635
2537293803
3140295368
3214176949
2654620874
3194702195
1186745692
3613963899
1924748575
3424171150
1820034802
2942279273
2307029351
1834298301
1101076771
2367679702
4107582496
1797551251
1807461926
721595836
1319140301
2127414839
3472325777
3833653767
3698283987
1809622902
1603148523
621821673
3308056162
2905233645
883759585
2173024290
110080103
2570119231
1220556724
1968089152
321844609
300915808
2830572169
4237464526
3793938843
766552032
3968894965
2607041606
1973163966
3698630601
1258182367
2713331823
886696794
2121311213
540550019
1938885071
913316879
367263882
3708101565
192318468
4144604264
596106713
832846840
1922779669
4261220071
3011391606
522993772
2389714414
276679287
678936015
1569048852
337802392
1816083957
764369765
391324700
726077332
654281747
3014018344
1623156958
2415187543
1069985304
1897301323
1879115681
3203519869
837500471
535519711
2728696994
2580848587
1361213520
2822850903
2843949935
3834198992
100534808
155391803
1570768377
1747582150
1293723316
15900769
3063284561
3026772814
3519080266
2285855168
3935060171
582656009
3408871687
1378226365
622927915
3909110710
1299368842
4097131032
591745594
3509276575
4080662129
2466600489
3730971268
562250731
3662608136
435546888
3189266938
2109996634
713701662
3569349802
3220309096
3814593337
4144484616
1105447008
4114086581
1813150432
4222148052
2917812191
719343514
2500344067
1260734416
267288935
413291837
1289305729
3931783876
709896661
2588008574
796355828
2347989938
498983715
1493423868
4066877797
4148836712
4032870670
1199065860
1485859928
840921671
2896552750
1136358139
1461496527
2546745353
1967173056
86282496
739936131
115097329
4168745902
2034559800
2635514683
4017637919
76330999
618774869
3925839449
1861584412
3154891877
854317607
2906918160
2033176433
3502425420
1079086865
835551060
1524225611
652265672
457071476
256370750
570156017
3659071044
421147185
2124657273
1752233258
4149901390
3776566062
1848569493
2558394670
2528126524
3063488416
2049634897
2356015392
2830279928
1881225135
3807440506
3942265905
4267162758
1651436336
2393714401
1665274273
2767207073
3540219480
3645803033
3190252362
1787491377
2969629350
1995789541
3210917982
4147747116
2858744209
506001785
3158946311
1701082525
259335392
843584784
3513932483
1622856413
2895766638
1738598180
4002413440
631409014
1028483628
3951500823
4279923934
3834262660
1467797947
2188889985
54698255
3643385942
557837445
4055697620
4286429347
1157716431
1225654680
1203478152
1717301607
2639031848
2958307226
31443608
1244818198
1386639388
2352599155
3057786918
2624294922
316737210
1592321305
3477168466
2761406685
3210239840
2040590841
2164483850
2022636746
3630198676
2487973194
2232276326
3311845011
1052867960
1128367467
771359436
2185936571
3287215372
1482601187
873657303
3057679477
1381272296
2954109773
3716409476
3458812149
2531403958
122738802
1908301189
453587247
3366906404
619232432
3437442336
3060949616
2051776398
2936854645
979636472
3682998800
1067406576
836707105
2138973126
1127418902
616369444
141037906
2544116408
3768783406
2041201556
1353174839
2106918820
4082423723
3859985952
154000119
1140643460
2505943910
3804046735
3222704943
1079025678
2301537914
2585768652
1797000942
324841930
2963932899
2381939147
2683850560
3739941499
330217148
307364213
1507197792
386772046
3914031612
3762995004
1644349635
1782464546
3681175524
2060158856
2121783240
2863911500
2065957662
3469857907
1381311849
1875740789
3476649772
1511727454
3010180353
1201196064
2090848917
2769855667
3162843177
612950207
484988002
3493106674
4092776537
2723568590
814356008
2237241637
1543125315
2567377127
3982108637
61384137
4169520401
1578359593
3754845968
13620237
551890165
105198
2681902562
2562439072
825580250
2754871504
3688496455
3411865679
106608860
4281043444
2300284046
3773269040
529388947
4161517711
2502990289
966870850
2774359830
3888108378
2010319354
3550279118
1970169825
1367285661
216625182
554017162
3675333230
1135469302
2950189144
3115043093
3828109059
121451786
3360261324
3947482485
1634024095
1329826953
2392262819
960306473
247364393
731524434
2851393037
1560710661
4052946904
735388917
420918042
3406156170
2413172115
3405479889
296346347
1450698980
2125615756
1874604166
2984777317
2320380364
3247196794
505809201
2729259351
858083457
1865570625
1786000640
3800020357
936058039
2278432631
2345028440
511910626
1059392598
1445857972
3496793729
2442472893
1685215486
184856564
3311306836
841558095
1811827973
2040404951
1681340270
2114977724
271927294
3959534701
497327395
1789111733
4088069135
56601014
1586590371
3387871081
1179077055
1542323440
2987853443
1788029173
818854465
517051031
1869365635
3074268073
1895808163
3578623548
2891512179
3230534221
2967808174
2613185476
2221408393
890630478
1594604444
2037022152
2634663525
4285471547
3229422625
3395972177
3128957836
1948684370
720906681
3957369935
1730839584
2391081961
1022287652
740464129
3256320066
1528746488
137958410
327693854
593811614
1831471661
1504497132
3052252640
3083777012
147899843
3656550525
1636336071
2359036780
1049236941
918585146
3163617315
3112499375
3647155586
949062630
715031534
237029723
4007552784
3983623386
1321194894
3382681167
2092125097
3170582215
3889536224
1347723080
1551139273
1834343208
2704231112
3964914696
845647831
1205904267
3739873841
2850996903
2563498177
1101937101
1391363355
326868132
648170464
3124983858
2740645867
304909264
3761796341
3033615289
2796024678
2150631181
468289107
856109146
2266341329
373234847
3061974530
2880079267
3699327545
2207567434
2960798882
2543082540
2726319900
3910351448
641034579
3546534608
577601002
3191705409
1806601165
955411474
3063782872
3708255447
937410971
254630173
4073822264
3592614604
1549606999
1629978089
576904969
893912421
2114890621
514258110
2143470572
2779968887
1689620018
2038408708
219937123
3113664518
2655728632
3088716476
2259938258
2761115880
3116294535
923279067
3714258912
1072796406
1113368352
2686627001
2235998554
3678247224
4161095264
1859046744
2282523243
1111084090
1676200505
327595904
3608410794
3516753473
484443585
2776539654
2098128992
2610965036
2559025711
70123229
1215689618
3970582778
1275270766
2783958018
1074670649
3962541599
2987794540
2420118879
3746555052
1815459734
3200731298
1020331161
2963298317
3214758452
2573927610
1222893199
89100918
3189055740
3654114669
1697198940
2815190479
1246192111
1994971932
3389085745
2754371591
3647597077
916858733
2929273955
135799832
3230580790
1299808168
3940532784
827807842
3312128282
2718167749
2055610451
4088548497
3061258800
3663709559
3390731612
1393763558
2341711862
2582865029
2678375991
3067227543
1398897120
2526731014
946921324
2239773951
430032146
3137920417
3105654450
943708892
535905194
2975337778
3696567662
150691454
2226350259
3826529718
2198842237
423292015
2355389695
347325727
3671812119
2883105583
4145589243
2576970052
1765483896
1456785643
3018115769
1454834179
2000672246
3277061992
2984564863
1323749521
1794674535
1143319810
2345547591
992296496
693628091
3907777902
904068136
853415328
1351108789
3424222296
3711481277
22742909
407255438
521827417
4072506330
1330981688
46001085
4150413123
2187816357
1960124865
1090537105
2775455291
1612675967
3728924208
4065330020
983688651
2406880154
3031788430
3152828381
1307606149
523967812
3333144614
3099502514
2107193383
2309617060
3393891624
3716421430
3733914414
3206987705
396573338
1590404868
2930643947
2716921608
3259259047
3603832491
3113208810
918391064
2861751388
2518841008
2893205905
2479265847
165875689
1876092275
1453873681
2792971860
2606171309
3360235295
2728355332
2342425341
1124620942
2282258692
1580738175
4112886676
1464809232
1519442683
1797380335
3491639977
1603367877
2343678145
2600577819
374671349
3193091354
2206982802
213999833
3676201563
2881268324
1336963898
1680748828
4282228501
2935661332
1346737292
2254956544
2059934133
1239443080
1504742575
172390114
3561896125
395667190
3616918170
1177132553
2326570341
3341652403
4031561313
281354020
1367077467
2903350948
3537417286
722158994
502541391
1665638549
3203806777
3443844682
2691600270
3458690331
2139576441
3307769116
1171881283
1509866756
917340127
690860736
808346234
2614091665
3936868193
3216244385
2226529403
734250746
1787295017
1315927314
2282154044
1420421895
3162991896
4215202982
3910023824
685571762
1217316837
2644619927
3633506172
4073764811
3772357680
3460164181
2484782074
1328344474
788716513
211448461
955218624
945596130
2039547707
2305418297
2953586536
2504926199
1290104311
3210511867
2669215308
3018014621
2100797566
1636360943
2477833808
463654036
3733584675
983191289
3362851121
598964749
1694840695
4228671181
2332776027
1532232250
443574370
1483666651
3164667998
1767436388
613845668
1460845852
4063269906
2118900733
3751447235
4025208835
2320022243
3063748087
1232291347
2185071938
29110264
175392114
447873525
1267872808
2767952287
2234603194
103847124
2560740022
2975453710
525135302
3609149900
3777199506
133544591
1387334223
2482603013
2092903006
155184648
38285927
3451594080
2468851843
963536512
1009089026
2525089210
1971162058
350500710
816084842
3061192177
3314376335
4196935430
2514912070
1473261207
2598170705
3033499293
3963594411
3494198016
1007538395
683580140
549088736
1878195166
1067642691
2394874681
2995803695
3792503216
1250477084
2832859125
1974888069
3604457919
2548217137
1199621232
2390979442
1663022670
974185526
1967492096
972592320
3177784413
1255412091
1566263270
3886747049
3074701502
1338663991
3055288801
4134808934
3426739613
1037873980
3867094151
83069857
2271916583
4271821068
743708735
1853472119
4072974663
4105723964
1524968342
1057075658
1414793532
3227381757
3231852363
3496652417
3339669966
3887470229
3327032860
278677634
1192606910
4275642842
27144070
898216170
917453495
2056579082
354049446
868254696
4062298901
3552709322
2767838497
3948988729
1472407176
2856478300
1787151154
2487874063
4255465088
3793464864
3264695002
3503800428
1054635681
3308526503
683133062
476202106
3088843261
2593584266
3459076846
2478009920
296268375
1856058940
882856073
2414957153
367137939
150504805
2122387854
2145633947
3213495143
1914920846
908027577
4095729164
3269872749
3163997909
3074198023
1766485049
72863112
1079204090
2573321419
2036105114
3782908434
3875744892
1426098225
801390386
1315144352
1565186725
2063553842
589219314
716891213
2676444413
769014393
787953543
1852263979
2619330650
2856917500
887695890
3274483208
3180546476
3398727994
3143926051
1727005174
1402808448
1680688374
888215240
3195113978
3441448370
3740256652
2423467375
3882536524
3651243631
3468881730
2149230537
1158099347
1625310638
1437933877
824489002
3272002109
208938008
1294422203
4236194666
4163525878
322199286
2702669524
1559144896
4092191342
2054406633
3758633952
2959494433
3486404984
1905245435
1139796379
273654949
1178039026
1871393338
4189807605
2253878548
422999228
1856530906
39532552
275368299
3006371104
935657709
559040519
3541331506
3772098670
1797760678
2523819591
2530306137
4244647023
488391484
1680474070
3687567982
632575168
3808898043
830661556
3756413631
111347130
3088238903
1474590699
2979335815
3910168989
3079954434
3375299334
2893009259
938409712
3428797725
1860585309
3900016493
460251859
3944362669
2619146811
85218177
3516463350
1208443055
2342604588
687297787
3284692802
2843496477
3658469454
943390775
4015721728
2764328655
232610237
1943967630
1574400681
246683772
2786993993
1387125490
4007665793
656749399
1109783477
938749020
2934414429
3757141960
1560655513
761384685
688555181
765475059
932662393
1620800011
1161201389
447189083
89802856
331885817
892120975
1247662862
2880237655
4286984118
535881506
1940648007
3222966851
2466013642
2635132052
1765552241
707004676
3602900556
1012000241
3673566268
3907634488
4195081739
1070513419
2938469279
3848337111
3041862194
2652933599
2298820280
3288907646
1503544418
357443487
2009791570
2080324289
2472127105
1626437271
2509245866
3647805358
1134074271
347258933
3990487634
3381316388
713603456
3812689456
1148993834
2472460762
1379932477
3988103068
3910279248
301080131
1335319479
302808567
1503053070
1861951299
64636856
3482469789
1182394172
3363265745
1585928165
3183449417
3738748675
270927088
311542817
3049868763
3018316128
1509631596
1412084327
1431235871
2135020041
2431781450
2220329015
3247099024
3749594780
3928110075
207344062
1473053449
4160632902
1263191740
3379655194
1865907985
168488296
3118359416
802472537
1428973422
3127433795
2462447837
3038050496
3629347480
3658889345
1797933274
1058805508
962602680
3275422212
920046843
1458008017
2693269733
3753137409
875878147
3913983363
39563115
87328541
2566419812
4104889919
2095878665
1510057712
2761471242
4269014258
1804946170
4159898610
2661916076
2066966975
4176057165
204534733
2008628136
3033027112
2584520515
3477644544
1916990743
2002464257
1898621281
3713096853
2790207446
1578841458
3420959911
1481275321
2326716171
2310134630
3908640129
2200471882
3073081888
3987140716
967750110
347644277
1716532266
323854986
1418576334
983788366
787222814
276812802
2806677368
1342998115
3116107784
3986852994
3076873386
1463595820
3056497976
1071059745
1048250348
545130085
4071451152
1259473633
1537614807
3992725707
1742271149
4050936348
3423340600
3825640676
2759133842
2181449730
1297231130
2761427756
2438403969
791516410
1311465294
4059813269
3302345543
2519977334
2670051082
557700618
85000044
92503196
3377035606
1104367185
3412285033
3642251675
3504768096
107477583
67785922
598125244
2734714300
3742098687
4268808056
350642356
4193495510
2989504605
2482960885
3016336387
2581120203
1399704651
3530647194
2005275676
1604618860
1820094393
1629326497
867054619
52599580
3725718349
3219927701
2124036291
1225475234
2470297239
3965268143
3053817294
2224226970
496653088
1788699574
2033865400
3212349632
3264265755
611039827
94015814
1420085596
2419380815
253309986
2038344893
3601379266
2441332430
2499261498
1072032189
4037586923
1700942217
2890401862
2846822733
785083490
3945458782
3387976041
2955641922
1302846308
4095272756
194606933
2950221474
1460820163
831139728
132637426
1016004214
2861402594
3924609239
2499022208
3078921500
2919349365
4025307432
4032198456
2359753626
555600145
1686229060
2248998848
2064526731
2378739484
1259355551
3128850952
1523879831
3747039554
1079022775
3923399877
3324769647
3510301679
2854543764
2799510528
2394032865
2859725304
3581790138
1307482244
1827030793
252284837
4226556683
3766339660
898563264
4118996368
2190593646
4080031048
3679030842
687477748
2842480380
4242671644
1812330833
661977845
571777007
4063451217
1189181693
2824885320
3699952039
3451619277
2567088272
464685872
2426785660
1311756087
653276205
1497919120
858156862
93160451
2625951161
253500813
2015046939
3776085153
1263243522
100825957
2971566463
3908191759
3332725557
688808728
713498364
1527002127
4064629840
1369581109
1468298719
3380491792
306118705
772542997
4106275890
1607420482
4211882979
1608709835
2404655295
2286345440
2471677026
3947905768
714884369
907526142
1783335961
1296352070
218836439
658067258
1356731109
1019009441
1267968504
1232447841
790471585
2693371288
2911873244
2543331123
244414089
2039891487
2474368236
126888274
1735128606
464248263
3452459457
3767393431
1438990703
1717697685
370855012
1247326121
1886744501
1408561005
1673618282
879220273
2394833450
1412424076
1230491273
3421145293
677943210
1443903846
1487571615
2232520607
3081777672
1212871090
2108209491
1034294394
293785712
177651954
2904933504
1268712380
824910672
3240944313
1696394981
2563285423
533239830
2574598552
1379218846
4275794168
2489090093
2256302077
4135575553
1352506149
3178108618
1543861801
4147837952
169537613
961398986
3454522725
785131036
3187729883
2381935767
4021478560
4252444145
1058524811
1485895240
706660790
4021643587
1010598025
119039830
2249391968
2068065094
495667560
4233730435
1670159923
3616618065
2541592741
547801737
3987822236
905094151
852035273
2451522373
1956853292
1312725741
1810094727
3952044859
3054514368
2364152427
176206377
2182004330
713225192
1800610988
3496073138
1305929844
2528639174
3913326184
3601831759
859291760
1571327927
1712189125
4278501247
1381147015
640505445
3132927977
4048346628
3210445324
4132064106
1866668752
613683876
3114100042
3301228607
2086381310
3852604861
720820376
2801681305
1147726914
2509333569
463526533
2116754968
3637108419
2575763474
1153111702
3660262082
2008547212
1742086676
1288584178
1269821176
2195753873
3683484027
2334259867
781813638
420742580
343470002
179259087
4030349977
2634332952
3180602472
4206743239
1991533555
1535356380
3045466341
4012843758
3778060129
3612681954
2952324620
2532499568
2572909411
1597618241
1478027048
2478850034
3678259514
1755341194
2531022558
2256889334
1197533809
97471662
2002905973
1947733044
3978213583
959973960
1691005074
1044102121
4076863081
1192151546
2103624208
3116788624
2391009172
240530949
3339196782
232799359
1787599269
911467105
1781375533
411158509
613218484
580813322
2960101464
932032663
3984614624
3145802774
248607744
2211593923
450588537
2486814606
1027519274
4227446935
2230890135
230079437
1105215923
3639152649
1906983314
1302822603
4129511523
68988267
4099720123
109894819
3020746894
3073909794
1403567035
161791994
322823309
2418550913
3260382956
3955535527
1336383986
3601778760
3315773195
4189032530
1373129291
1645896687
1772653864
2960605550
1554078379
1852992015
3677231067
2969464108
433327918
1949221315
3886649367
693589729
56702022
2004092351
578601653
287931318
3171549068
16879593
566375831
4027658917
4091728618
614299090
1941747714
2513943460
2336658599
1391952817
687818618
2307044907
2652555454
2946198516
915552846
2413580131
170757554
2459832148
76966339
2878470378
3077432585
2407876195
1602278816
3835124907
850444324
51349383
3901764987
3598763616
4246008244
2236196033
4083345469
2859818173
2281923925
143839558
518788838
1106699880
1704841095
4277773528
83680339
276053209
1719407801
461750862
3337056526
2707602802
1242484264
3499600062
3526459446
435687923
360263934
475492776
3864546507
3215645009
1402619204
407503331
2117800395
3283765644
1144643523
942342504
4014600681
2344799951
2301190141
166241119
1318362544
1851681311
1744132361
2738817446
2941982974
1774190838
3665314770
2220996098
3308220866
2170439895
3842996798
4083016305
4076368157
2088012211
2240792423
1270762546
473853492
2100454069
982242511
458878350
1426404426
1233806840
3806061802
3463850093
4058953458
2316261670
3194921114
1848186027
1843066084
3650611622
3241441911
1066789599
1804449945
908612595
1934541234
549216414
1599501510
2472218569
2257834850
2355070779
1079180340
2332420278
4162068729
3964187416
2787339156
3742734774
4140754126
475716723
332429264
398525543
1743376303
3585355603
1749285246
2207822985
2207632603
4016027162
941974039
3178850166
87370902
2057760466
2122580411
3605119245
186310370
4054601080
2636979851
4155731182
229328231
1077485546
3400759848
2801490432
1668351901
706888750
2502382136
1376930430
2037021041
3926098442
431535519
3980652846
2115526449
958093926
2969322122
1311570915
4193766472
2425442248
1126146195
1436212496
3432221866
1806147208
3822890148
1121548964
2281847281
4143779263
1973711328
3583434462
485514715
762864835
597425476
558651136
3861490219
4080573899
3313100882
2111071164
1749107582
100085322
1111744829
1315505309
2925215576
3456826146
3139003055
311143425
2667698031
2318477324
22020835
384568657
1595674229
1642806727
1174880052
4175588477
1831496951
164654533
1321520191
2611887418
1971755700
2886673605
736953354
1663232941
2155084621
2335285601
305721563
409287353
14208532
2268786395
2455428613
1896599269
1406005902
3401884468
819513068
3074090531
554476579
3260921027
2171805961
410677427
3766774254
3951506189
2212910465
3456028903
2296584721
3894074291
2138915680
3715228224
460929201
837936319
149535346
3245222920
808508385
2941758135
3109686862
225017842
4292934107
3035484242
1634606822
1780685989
1837063482
1501753678
2143546930
3646321785
2345642341
259554396
1152984909
3719329527
2614689957
2184506070
3756940127
554908959
712362915
3319553632
1598763623
21812333
1951652246
2440739122
2424653720
4001713205
3636255594
1665876729
1636907400
2471579680
3335959743
2358233424
3260831593
4227316631
1152858865
383575653
3714046388
2857953570
2089895994
194410668
4111614848
1551097743
2617213571
2423715033
3319549623
780878385
972667875
3189845333
1267291979
883091179
1516700216
3096057593
1675892528
392652934
2851421273
286824582
2313298112
4143140596
2192725715
3549261727
1505382020
2677417804
1412290073
1297348721
4007118602
3067110229
3319826602
4007566595
2550141512
961419125
4221286891
502994442
1039564243
2768186473
2069999368
2373715498
343234448
586876752
2148966222
2250779989
1888753629
1918419609
2200254918
3045340964
157339569
3684098891
2376757959
450184218
1104988663
2338761611
458678426
419249137
1892144042
3018689047
4203952833
3332244888
1474133417
1060003348
822111680
2318175909
111216398
3798380241
3018131515
3740883721
2762242408
1405629477
211295170
3811017479
1965778315
194412644
3841979408
2938441988
2772551101
1275692632
1879357697
4183705972
1061622289
259537022
863307559
1819151056
3307726696
3742483356
1402644030
1875997805
2934862565
3085586316
2837678686
4108497365
542645147
677069214
3746629996
722421494
360918282
748505110
2643906007
1912412131
1868294673
3758961436
2043125269
1615750368
3473127221
1877592861
1704372588
1564663062
3183159097
4252684284
601291642
1022087370
1773709598
3901895682
253037524
3491385939
939219535
896890210
3080415579
756529688
721178820
3824454961
3893131660
2452282385
2360163276
1564834795
1044273949
676579315
3044492331
2775676897
1375586194
3338275377
4210505064
3561989599
3896679046
3739035299
646171101
1198329349
2548562894
797570767
2163995897
3088111682
435808780
2697427743
4128565526
2765796559
330111586
2531793357
276209822
191222138
1403185995
1750839761
1542431697
2415746776
745284479
2732671383
3391251297
2508651551
2459706222
1061204071
2466823022
642529117
62890975
3435293511
3970169357
678221318
2564278797
2130779650
2984822882
2950442994
1895291724
1726937797
2097793969
4152957393
1379444242
2441486791
2388462708
2922432149
670816676
1641881791
2521471774
112696445
1164750915
2568814540
1105935354
1847296812
1650782018
1024145017
462810725
350216254
3334120495
862592226
2776936056
1906833476
3849096606
1851428052
1381479309
2359229871
737150296
1965425489
3969872081
4210138777
1688095787
2505236383
3531468171
1617237058
2372208440
1228300616
1485696420
3974784826
3032979864
855349749
2884814927
3707107545
1116827002
3091089193
84445670
3447696023
1044401525
3671864493
2371206336
1746734627
199797792
1463469039
3683007678
286739995
1955647283
1088999479
2997110435
3708741081
3474402699
3923218400
3078937056
3834722669
1649820580
1946021280
1257016444
1077109747
913071352
2914250537
1475439982
247021067
1023059720
1175791414
963158154
1818667890
2038010175
2050240335
3564748046
3972777424
3076893744
2338886505
2301988558
2563278828
3649712727
3310146084
2575041318
3110174109
3103746660
3714292569
3980483751
2084405181
2521127930
797530653
43767473
3726251166
789079796
3390483555
2868459427
2891640866
2147974784
2154968572
4073110536
4221389343
429791150
1286687448
2173573934
3057136292
3555004315
3700499677
542692582
764331667
3783507356
4141912430
25735202
3878605985
2945608922
646073657
3565862948
3683144250
479288742
3319478747
2999389381
58548324
2127158832
1263632118
2490753158
3659050946
277987929
1424823668
511209489
3982724332
302621998
3918423278
609664632
2442545419
2011027651
1624630436
2046086606
100799094
305339852
3051743656
2269521699
1263229996
3405953590
1726384902
2867589129
4119211833
1481751023
2815697168
519493093
3539709674
1131555082
2081667191
2954806136
2491506571
1608476384
4078507300
2697805546
4177622040
267215846
2992027880
2207663024
302082485
1458497665
3023841302
781390014
1307366998
531907294
3610241843
1840048417
616311021
2749338461
362946133
4203090148
2544968190
1727212959
2487648866
4169795566
2962472673
3334792729
2638727618
2888338507
3823365316
4083127577
2995332606
2293198408
558806973
2555826383
537014460
2225607571
2650181601
2806680781
1774223585
3958139678
4146684397
244022568
2240333247
2336242136
2518707633
2841619031
1380583355
3374232476
1569271651
128750110
2569709030
293259085
3757666778
2218817576
1722594554
1324738403
3249770135
1122212473
2129569056
1023130995
2085695675
3547161176
3995550111
390543390
4278768545
232988376
4224412193
202917363
2465957193
2077772582
481251072
2009266399
4233754569
2731232281
952603171
3897248216
2857010340
1751012055
3270875169
3144818271
822303229
95016349
1909645776
3586464722
2556603810
4225560729
3102495045
2801827318
2426874153
2809425174
876901417
1394607024
3947745484
1858645962
1743825298
2915931442
3786724838
1904265869
2635698643
4170696319
3802569017
3593998314
3016771666
478389386
2979278312
3488953913
1197239613
754966049
1646915359
3355582194
2079183529
869871509
1931199858
1393053277
2718258143
631043885
763702145
3880547862
560376725
905786625
3544927496
3184020226
841959951
3099390871
3881694278
4112371924
1225235684
3063737234
2589986650
493287591
3547921799
876663753
1641247283
1770023462
28571783
209739814
2987492511
823481436
2586907367
649563326
4092817121
3352416192
3043289366
2697404019
2252317077
4107433458
3163596698
1356063743
658549699
4075893581
3180179842
2512231978
1740862266
2748365124
568802562
697670104
1483804184
453655285
49411328
644814690
19716599
3983265946
1785583225
3191581517
1232776007
4032437672
326991669
169025456
1599798233
934491014
846555863
1717882376
681006496
508650947
4049429532
1233370107
2689215482
149480305
2605510758
3678335836
3662877586
2916544058
1185935831
833143105
1023734006
3128812603
3363485753
846562650
1758537592
4278451357
2093283283
3808292797
3684965360
1820348903
1157450493
4060634034
4140504842
2792793259
2731718203
37010950
4048577039
3422961076
291896458
1979006797
1986172769
3148653951
3382512307
1172116788
305401488
4025107224
2966164409
1322948078
3087457979
1958444243
2571081511
1322526054
1003196644
3323948732
1835401745
1314746688
1041408112
4062174079
3358305101
1477172855
3163301302
3223422125
2737091089
4108339951
1842367401
3224833264
3420161737
425986526
2688605118
2457878627
3024807435
2193683001
1801611665
1466914504
822658847
2856705458
1594521880
2117327624
3351205832
3665246208
4254621893
3570880325
2488228994
2363793384
1516806866
3135064973
1519770772
3779338621
480394973
548340100
1884170378
2241869938
1024361894
3825070902
991652149
3534200516
3076290906
3948261488
3941724085
3985385720
676896371
1156265429
2895563036
1419877583
2296968134
92305882
2289044774
643705553
1364793927
261855887
3631229134
2279061209
2726221584
1252634943
2653613869
1333591806
1379080561
1930825952
373672949
3694016230
1925084056
1320373441
2121325446
1286350871
118514853
3515246924
526289767
3545830622
3053512235
281336994
3477510635
3495561500
1600302108
3714374213
1523389162
3550473895
2154477379
749216698
1468073218
2102499559
4153551097
1244550804
3443493519
2286599380
696824475
3703706089
554249464
728270592
4236457281
3203508278
817692009
3825730010
703856705
1315968736
590203486
1215555438
1388673740
2817055799
3869647775
2295895024
2083834905
1526563176
2532375143
2779880898
3007083623
2133921640
1172996220
3875724906
541160820
408777805
3486005164
3102067425
90899181
2090475046
3725043932
3792344965
1738357366
1536165167
3412060025
3238922707
3887455512
3245540845
587316870
1423500560
199686433
1187954830
638659151
1512799840
1273471738
2686661644
959079862
3567559040
1237394229
294265606
3506424209
698242130
2495861703
1146219791
2723618855
3761755413
316641382
303748096
3531632366
1696457878
1962370394
4229215532
1159692231
9353023
3051630273
253235658
2628465944
2837042565
1387749958
3457862022
3756253393
1408514434
3699556826
873862285
4137858773
1727864236
3950115659
2979568970
2172101088
4034674206
244155664
2471503016
1019024956
4209170246
1985769806
3088697336
1088016338
76887337
3520347578
3538068445
1770716718
2317061378
3333565279
1643369125
3956419456
3094869633
1158382502
2891028267
772094066
4283280527
3261872760
4091723868
3572739035
3611306536
3332784464
735010262
682107004
1776966315
2969795062
1682752890
3968058177
2748853391
2959746514
3233479686
688845507
3365089508
927374020
2256022285
2355427016
931403736
776895998
3417936819
3237025270
689688309
2713367487
3020144546
3226737445
3042369838
2332656858
93716281
1156583327
584482224
1611609254
2251067985
3779331441
857922792
1338103962
462167223
3867455338
3096503555
1787647304
1024390505
730786603
1545791013
1077929555
1403483221
2442031574
2609634775
54402619
370985003
2146068297
341706055
558528398
491210967
3556466603
3422421645
2338016185
2762250531
3055112085
2315760133
3424425160
1311593760
572015897
3235239402
4114536102
395433355
777358053
746063315
2566993808
3306019160
254493406
335212237
1494932956
1204212346
818012908
2848502614
3738141632
1084954211
934029045
3461997191
4274368967
1042074488
2516689547
467828611
2065752429
3441541368
1827451110
3878580201
2408211127
1273541752
2695872084
3087866594
3326678935
4182775359
569579942
3051477412
2061505183
4082232308
2064250356
33238825
4018959841
2132373708
3723996418
310524949
3240608170
1628262705
1873870003
612539374
481647364
548955229
2568711603
3165014824
230932761
4157654503
3420322494
80291885
2284149492
2662663211
2093957476
3972931890
3583020914
2543941819
42821586
1513533858
1038035732
2838175367
3212959187
3089400807
2804279834
4277820412
3270993061
3567918858
3237269292
3129544797
211270156
1483366496
2154741249
2837925673
2652225553
4045307592
3548222544
3927023324
1549144554
3311353936
1291961162
3453483629
3951646509
889553906
3001610446
2556571197
4148604961
4025649142
4081013243
2134838726
3093402401
2372199735
2769728085
3535083125
518990934
3996073996
3566737372
844076672
588823583
4253376501
1511342100
746393227
431647625
2298035099
3036306758
3969648230
26533289
2274130603
2399634314
1141362231
4181515022
758725109
1203097805
2075717524
2883095509
2022013392
3781180301
2362302543
1837116384
4136378178
186038252
1410885169
1264559697
2120562828
3062995694
2719326832
312387450
3126121611
2423080664
2386256349
4113808881
2164713644
1528729612
2203968429
1108816547
3152903250
1865248177
2546188287
1013935136
2943557632
3805119182
3393081395
2365230055
1292906322
1718912264
3740068063
281629046
3635374251
2116355777
2494362947
45161898
2828005978
307809241
193219293
2572573952
3739248423
1583891594
2205312331
2640175396
2381414721
3083992750
3825032443
3731399038
1034349842
1101412534
1101758924
3712750559
4259164782
2953810540
1689695708
2417520986
1924664194
96418580
2629200558
2049161169
3146692804
3489531043
941702919
975412145
2996664737
1950712971
2595177304
852481379
3166169375
3305352017
64706171
2873579973
1320087736
3972948041
1953911024
3454342726
989431434
3862057117
3494494339
1331664153
2703679352
3247087129
3962123676
3886518604
4012840164
824382873
2731034602
2663741619
3992919779
1639193933
937223398
49537385
3495534704
3486980784
1044262249
3316565178
3449040932
4053340029
2003416705
291580913
1992380518
1106888567
1147272126
1964329671
3622617354
3099075286
1182118685
3550435404
1917133555
2788244159
1318535007
3096049284
3594918259
2367605764
664985248
497219569
1642642389
1575322764
1607940093
3920662373
2943112029
1221531929
1070082447
2020855258
4213527082
1065095356
3743784638
2587859073
3694695695
671987317
3308176718
221430239
1845205536
3968102478
2520625591
3078294334
395283143
4210574537
2140946860
827402242
1938539277
2843401703
2546107066
2275127698
3397646202
2035077089
2558353348
843488447
3251720288
726957219
1998521289
2724266262
1498507375
385843002
4262268338
3254792939
3399104990
1035131900
1759805197
33599126
451269356
349805089
937930336
576165783
493465718
290471457
3365107734
1301528199
43296414
821209575
307343235
4013493991
1113221842
1063821111
1881131255
3039634606
3990246156
1088436704
1812880244
3270158693
1692900432
314497315
1494783665
4158853053
3598678174
3888749338
3220263748
1350441968
1819485353
2436128159
3277442972
3743362294
3474393626
2494214847
1593155016
2465785543
375711219
1796085985
1515621195
3046465198
4187851553
548504483
456028408
1851719824
1340327823
972577920
956143949
1742942485
646350786
4210583714
2299042998
2217156727
4203302759
1631172206
1905619828
2854839453
1596725402
83206686
894498557
1869248612
2665880380
2888660267
891561105
1109595143
3695673764
2873143602
2919596588
1284495698
1816138324
2613379298
1047198905
1576045400
3260069134
2335679406
1163918399
2996090445
2465540432
320093769
943772976
937914063
3615669774
3626305009
2575221529
3779870957
3263509070
53019178
4236884879
2656824708
4270596532
4008442642
1022165127
1018496269
856866546
2328643353
3631129873
580041250
2353794506
672445107
3232303243
3874252361
3328453832
3403207631
1297947369
386071100
1363339530
2483441765
2166846363
663044212
1228587785
3562362220
2864663589
1597248631
1336269655
2555255008
2976259325
1369963788
1736334567
153663183
3008949851
1704625730
2797635242
1661269206
4195198316
1651757327
238222429
3958643886
713799160
3049321875
3117250734
2041464155
1001699768
2859022706
3689899807
2748706857
2970595202
996350876
3147092144
790750179
2563973807
3787879996
718706946
1909693622
110622428
3031719273
4151985393
1222226109
3967384949
1380800394
3068846577
2900850608
1781720181
12674363
3929628070
2509296158
1452555244
2609272462
325024334
293659723
3460181474
2908242316
1359617552
4214952954
1345912166
313621568
1896410336
3862280850
4102034812
1173146701
827118968
2999609719
1990521165
2496463916
3056783081
2787631770
3508589068
1497368141
1608710785
3173007804
1864726387
1059301415
1724173683
1760513020
3613398123
4064707599
3776692451
143506006
1662181156
2777934999
818871445
2233393858
3802047753
1677220530
2989173795
3402865508
98641357
2838866454
3747547272
1118181409
3806586280
662760659
3594519533
2403046098
2379523806
4121436004
3962065665
1825431477
1094658478
3748860108
137376697
4131931714
686131283
305002760
605137663
554843222
408826171
3211835433
3354363779
1554501789
1678571025
2349588651
3095285181
2568022659
1796815947
1340023816
1364553464
185832550
4060023983
4118309103
678945528
36286519
3803959440
2388192001
3103748269
3257323607
2011215372
1707385633
1503798731
2381689136
289217035
1504679017
565901492
482487014
3867106716
2833203612
1897160671
122583113
3919072482
349159771
535797430
3819569330
174920487
3702165365
1851658117
728884018
1767033347
1927990912
579950546
1797725340
157646218
4031901471
4242810666
1456825123
2274774269
4070695266
1590105786
3143496894
338139724
3401518926
36629069
3011338805
500913326
3257831261
4206762071
343721586
2273373014
3324273659
238945206
3051863462
641868861
169893631
88839350
3274541044
1142448983
4226126493
1858632964
2908841566
3469541479
2365347186
502675660
3458157531
87042948
3923583264
1367924540
4115692737
3062774840
1285928776
2646153878
947712658
1383387985
291842365
2197030204
1947054303
242923314
1359747722
25711633
2936687665
1156337780
2528970271
875316183
1410557554
2049094190
1708209222
2633875382
3388897039
3299583193
2127696315
1606059023
2159482698
3151574914
4208101565
22149935
3012121184
2942739959
3239930170
3979945787
2587760557
585288190
3862914388
1595939061
3098896437
3484571811
1114436463
2781335361
1744566427
2820279687
3617032036
1359412685
1528280470
3463823393
561940110
1850637510
583008035
1268056332
3204726150
2578563689
3613694064
2939303657
918456826
2918728494
1782198067
490545061
2218020383
3611242795
2688025021
959533063
1458201730
194007637
1741106371
3440680994
344923607
1763871406
1738451709
1554633058
2917446080
2135516312
2157421833
218497020
1476869140
3731295869
3954006397
1663869127
3872854284
1639975753
792360169
2325107739
478428891
4232500511
3217485231
853007165
1484374166
207705438
1193533753
3019043094
3694046314
2898250398
2718320996
3293103434
1906205515
4237413520
3140748216
4139568752
3021623405
1298613223
2048679524
3147021654
851677488
96364436
202945301
2572529534
2763895472
2862322361
242192384
2749548878
2188960837
2104187179
3352033017
1835778142
2213456521
4172167827
4125249481
1667051976
3985155806
3605431830
3848649658
3584434831
119286540
3439075642
1621300906
3626964101
936402451
1328412255
3309896916
598533522
2941100428
4134495787
2149321010
1342870223
1223404180
1236003242
257399533
1167206820
2355653189
3315465336
700083547
1568859380
474687973
742325628
2800051238
3767125751
1662303200
2581537340
2214532004
3600717209
4288780278
875812799
690055034
1870102147
1186335538
426663666
4061644521
1843320482
3495469464
2634731355
270889930
3155933926
1185938725
52328186
1933732333
783951458
1017245036
277730772
3944505668
2199879980
272835800
1412464421
157834049
882916679
295851232
1572689320
385104707
159346875
1550541622
87481895
759999681
1514904663
431470895
724014338
273266122
347298418
599217049
3853576107
3703967546
614198416
1572782949
1602872597
439911517
3557169859
2843969137
3833225304
3841522112
3546053946
4088552963
284723447
648924410
2684854980
499379250
3508497453
545027499
1928784919
1312760431
3949016727
3555929231
1258671268
2686134570
2850799572
3738672452
1565921435
775390300
554444183
78122908
1304556134
3516187677
3404011353
183998786
6641654
3032423770
2562718059
2378850455
129136882
751524122
694254201
1047058550
1321990893
2965493015
3722379248
3980502578
1184804840
2253633150
244848113
3436371991
3350661010
3664103764
587646669
1955581246
1065089618
850919282
2323788111
3108896396
267574939
1818028359
3080711350
961966021
570585522
2479336826
1983160219
1776381195
4069046761
849807484
362644137
219821484
2710569128
1893627898
1380889081
164508829
2474869649
797290897
1235127605
483144705
115447928
1469409634
1121898396
2716458987
1782985752
40232751
303075774
1525578295
558685501
193927207
2134147620
4177692410
4065223953
354185037
3701482318
3258818835
3656228319
2155797283
1218180135
1518290955
2069088935
622856954
3938888560
2774981633
238322066
3159064939
963697993
747822809
972449360
1370134023
1394718286
4063971526
474215803
2541405763
2236655191
2156985704
706774686
3934666210
17402570
2825559580
3374962158
771106589
914504751
922363749
3574090794
178093745
806105495
603176403
3519022878
4155749594
2623175943
22438675
697633948
1847231523
1354397439
3328157366
1826470229
402698367
2180594640
2623042081
1339199000
1641964991
1664212443
3303741988
1553766377
592619094
570839704
3227393747
2045308428
1508531894
653844631
2478049991
3087081254
554192540
1443855882
21284717
851509056
1686619239
258555194
2194238107
1075134064
2711258888
3108835524
3201231872
2109198885
3117044624
852134964
3614921057
600251475
4193540635
3532360760
3299984121
3423976391
1993131985
1049713
4034771745
1548495209
3123480200
2484590697
4073953681
803096105
2680208574
2444783168
3231352058
2366009929
460718171
765674829
3801991901
2594255990
436146445
2138874939
3866490241
2440217879
1374393829
3370304607
3219518665
4172179548
1638349286
379586928
2405085346
374595864
1632948622
1004489380
2731940638
3587255176
1396077330
3393135272
3174568510
336530390
3194161893
609441580
43234266
3746295014
2970160294
1210790114
717526006
3426209251
1037528138
4260009778
3454465500
3217875301
2352440310
3431490839
696827635
657329188
657065430
2912651880
501370252
304988815
335285202
2824515836
99435113
194386063
3470987453
3362675675
3231214993
3525194908
1764102769
3046090380
2531494710
1967437173
3185032829
2628672500
1037664126
2188951260
4043191012
1316992602
522837414
3356573716
2813661811
1335462728
1637202543
3663844637
3129863312
945914084
934333500
1235004505
3778861787
188057995
2520509005
305051850
201169344
2689279322
1362432225
2233449115
335503906
4110812299
1728910102
1843369877
1222661781
880545963
950716243
4090581829
563124729
1319505204
3000931010
4191328021
3020662246
33709009
1193276628
653966189
2331609524
3970641894
2989898569
3031855685
345170909
1519764967
3881852542
2840087641
1384850281
205968536
484944876
2676327944
4196682853
2367913203
3104763573
1200008038
1104759249
920549703
3279396599
627185714
3920619935
1758550189
3982445342
2206802826
2816093770
2709497438
2609937155
3543866714
4196059794
4012053327
1121251001
852998354
3492497364
3689651747
1284912445
1112932417
3130957629
2029867108
64477470
3230417959
1392709365
1105190367
741079331
1372240536
1796618778
3387587046
3302364443
3498986966
1723434439
1644287739
3842538921
685170009
3795777810
3089914814
88683867
2734206400
3351604301
4272256880
1466253393
763991726
3118345468
630243512
1059771916
1557392493
152596363
3098660642
1848274795
1198042440
3550099793
2062599781
3157536535
3365694914
655437846
242720900
156355776
3572650107
3981995857
3244158665
3780726818
3018158204
2853150056
3175055241
3766732237
562569151
1134443073
3688746705
768320766
1992780454
3005380356
1240993019
965547298
3783230003
3832215094
2399509632
3080686531
1984359727
4244817165
43480790
2153986296
2991212910
3020170994
2513528349
3492934096
1729316216
2948555939
3730257379
4018432332
632891524
3728719773
2709039667
1085950257
2240074974
3243224030
3272124506
1108938517
1866448632
1930182114
552302542
2287272491
3451073116
2893625129
1551323781
2788755852
3352647938
3748981394
2087526330
3496124405
3442309184
906006564
665133514
1249857999
3575870124
4264802191
3743089573
1470834678
2435457121
1691433952
883553693
504532011
4200025803
3324542917
2622795382
314413488
1057683898
3589601381
140997672
858663288
2319629143
2998819537
2377636906
4019735544
3535689523
2627266823
151591357
3320509764
3163203956
542828914
2565149989
1005682786
373515792
1585375050
2671370271
859454460
3523782435
1064321145
1195143807
3961719572
3394069520
446512826
252827842
3111574363
3520625752
124309389
3477991512
3063683187
3130887222
3188400499
2429224234
615953022
2571538312
2390729112
3340156211
2612193776
3707315679
345775976
1624480536
183404500
857530839
3308404878
1134059131
4110136439
2910349796
732260721
81531315
1280027370
4005724882
143742802
1747330288
3546263977
2848673967
360105675
2900624724
3532326443
3782726482
3529166878
2237141378
2858839900
161764232
2467144673
71778758
2639138940
2506304319
3312093047
513363113
3829187460
1014899903
1089216306
27535411
2766080565
3309891810
1688839376
270921216
4111574009
658540099
1528561430
2441706070
813677859
4213403270
2109152296
3068907405
3892629068
146163433
2819969118
3696296355
1484928329
1170457433
2427159285
2083171707
169333015
3844165705
2753494443
173521317
3995226266
791338876
1885944632
4082585416
331569226
1158637755
4034594759
437427257
3746131220
3402581574
1458049983
2726967064
3367739538
2420129707
2695226698
2545813248
4093303490
437135633
3154408108
1120610469
850207450
1337490344
1864243137
2349789134
1179191819
3984382997
1897870985
3707279852
2229210419
960964748
3822081673
3983211914
3912920026
3231981250
4181161581
697316567
3421302648
1757810014
1182000642
1107227477
182256229
4074006597
1102314974
526574590
1630051465
3067482141
3514720610
4079416868
1085679148
3356309391
3086997103
1060638828
2549955930
3015832213
1713050213
1537596352
4154523360
4216345145
1499664034
778321460
3077402510
3228196632
2927344812
3648818234
1081466240
930278678
101876692
339063285
4208511721
2051636986
2974066928
3435403171
3072542801
2246389322
4157075341
574893596
3223439642
1408462694
1107109893
3768615450
4214122799
2628876862
4243658711
897798808
1224906002
3198732876
1472707640
3790762558
1494625799
174939360
3129781353
2531415723
59338365
1610653072
458501511
1462305383
955302137
344353532
327267770
674786597
2863317910
2921899349
2695595974
146653197
3300286110
2999697784
941030091
3354034899
3402932702
3072760931
748044540
656993942
2466102365
1288239488
1594654724
2903372342
785221301
1487526787
4141996417
335226630
3275869848
4119841968
345592374
708324869
2909869799
2778399886
3750425972
3723803047
3757941139
10039519
2734237966
1619679272
1757298154
972294605
1045588909
1916950965
2769834750
466165983
176655778
3548372883
2496801819
1397144571
878380502
3743684072
566472298
2932818441
1704050862
3257249094
411865399
777901022
2881803445
3244431855
607370044
1030671012
3772573798
183367558
2558807511
4017931522
2135301781
3833264949
4190045116
4199119102
1796417051
2620000295
4185065049
2760883811
3415161014
1466376687
397439468
630445785
1368728687
2569791818
3679111285
2436505721
2191198450
459657916
1129305727
433699107
3388637011
4225296330
3236230722
379523857
3704116255
1927576979
2775427630
3701890798
588731218
652098948
3720567507
2985270505
3778635812
1682068699
2444092911
2913249232
1994113307
354830139
2555146995
189561467
1486374778
3792822012
2887046780
160995215
2810207925
2761726145
4284393813
3183110529
2263574297
3123905151
2337799337
4047794622
925242865
2547532115
3493921058
2223408006
210531098
1146321313
854968879
1521066465
616507991
1339342794
1744015741
1877981684
2229524034
3399584728
1048790370
997259997
903688475
2621914505
2792866846
4138882232
2782897293
2516300078
1737568612
106354513
1002831965
123739315
1412883210
326746072
3649735445
2370081508
4221493570
2378000979
1232491149
2332409429
3771333921
4153370006
109798738
1845258847
1921042022
2213098174
2627733633
1749682831
683711415
1992635184
3489792029
373155740
2202441810
531168423
983460243
733056400
3812520727
1299610162
3659827348
4264415607
2715420394
3116832753
1548860196
2359654758
2690690627
4266798282
3583051333
4099522934
600109100
3417315341
3372211542
3469197651
3305774156
752052081
217250073
3072334747
639208341
3026802290
790973526
561012041
54855163
2349054286
4093100303
291745246
2050850526
1722431139
3533159839
21667742
2829160661
970139727
601975742
216813332
521614473
3016832512
1188043974
4165092894
760863466
2437522022
1320117752
2558601468
3288993204
523790259
2873487780
3245490634
2369755413
3175725175
3598645519
3885425554
3283890859
1710461614
2951069724
3742722767
3139091867
819833323
4170257954
73225203
4245600607
1601918238
1642602106
368556432
289638667
1197040111
1545815713
832968869
2278473514
1522720295
2981507443
355188650
556352424
1501893283
526107403
4000616805
4273455713
592507383
2262182813
2658075332
3996947437
1844788275
333715001
1571909726
332049184
3121265714
1840958087
2403770441
820290733
2525110055
3791512136
778177483
2168036023
234670464
2767664614
3727743452
1930860555
2099247116
1250846853
2999482399
991681349
2005446104
3079042375
2958173113
1134456799
887761746
719827648
3727068757
251928113
3620390629
1311760337
3136326889
1407953840
2494599622
927990091
1800831549
183817076
1408306982
2695368619
976356086
3179451591
3562359676
3998917166
981346655
807090731
3851065063
3304753292
3011868131
848670695
3876619762
3157188215
3981126467
2274501110
409676414
3429046025
1847578356
2691405766
3754588939
1608675270
1086109631
741614796
2257177860
2388693104
3726819252
2212861693
183836585
3787298679
3606733007
2625126582
531554237
1542497073
409945412
2170950910
2483102803
1105398852
3910291960
2404741403
4088850524
3348668577
941035467
695451354
3597777753
2190176126
51237099
1913465914
1379920968
2135099864
2664900020
2740114479
2986763605
3123751494
2015763405
1972032139
2066328346
2250613402
3717776207
97724000
1730628180
76722888
2995613188
4176373180
3312705649
1408404218
3307329996
132036657
3880668741
3881663220
310127298
2669652126
1921210344
1854273661
28931711
1620715149
3661866552
1189947533
22904734
2575136263
344232098
712021205
57124870
1971235261
2623919279
385047408
503461114
2532050770
2028211571
4108651874
346162759
3500558086
3286061514
3872654973
2675209488
2564321318
1803492885
3617112907
1541772817
3585447025
357209154
2253764896
1892040891
781336423
1377405706
1491364279
3839249032
3649037682
3471593537
1241590028
3730692484
3851908789
1391519644
2007758261
2394685204
3692207645
1358420599
3608512369
1958162409
2021701672
3036685891
2712181121
2820591056
3634624421
866850628
3102298276
1020761986
838025281
3598825478
376921307
1801370017
839001041
3642378196
2746587466
2544545514
1024730227
3439352855
3056876200
2852783245
2881883993
1275191514
3746171146
1927081357
2898745720
706648949
2312261524
734725672
113063536
2354014245
3707716568
67810646
4164552653
3990490801
1350980644
2632753163
2152199812
246632464
1023888005
2686511679
676197724
3012340935
3069475776
2822168473
2431585790
502996778
2993628415
2458443022
1218569198
3602138835
3705012760
2289480538
1866847576
2756143281
1860251683
2401078289
589664058
386469282
2389531023
4209960996
434787411
2634846243
3702822599
410788439
2555438484
1666796384
1933334291
1940055338
2135977487
972523953
3490486135
1778845700
1990651535
1944927891
3954000574
217719341
1494868376
2826050233
4090597116
3731949787
863186789
1410957851
2570109422
955978501
1082099613
3186408005
574359099
1470935585
448134596
3791213753
1700550343
3382156526
3599955442
4284373048
231629745
1800588470
4281735139
1820454969
3550481895
3035179501
573648639
3591986255
2719440204
3130117153
1625922729
2475683603
1843353671
2476908734
1626371752
3192336054
1652917878
3662698597
2040712315
2420189719
2679960155
3561726142
1423682844
3584791039
4262386327
1728547629
4016981542
951607457
972443168
866864157
646541271
1966629362
62083458
2498786059
4186948791
4061593148
2929460828
3547069716
4161165443
4153812151
3490105302
4182194434
3547301514
2030506314
4025007136
3366631375
2243290603
2550077623
653786746
3968770140
595882190
481474992
1336783589
3961063397
450668105
2379838363
234714282
3170174351
3111614020
1078180473
294643407
2002283967
1314671339
2000363872
1175768830
753032940
3839012984
1898708388
1746768614
1175585052
3431489764
2460581539
1140981398
2136004406
2259446989
3228580909
302451581
367841918
3345051116
1814703617
3771846359
991793650
2349793672
2350904660
3562276888
2733239746
2842834005
3515760273
3807303791
558735417
433076147
4155825428
2498396906
1701461545
1825533935
1755226803
470795730
4280218469
157033640
730284639
2794672267
4197374575
2166194554
2927618112
613592535
1040665454
309262635
2701202533
4128681435
3030388504
1487696426
2949312779
2701883558
1963139416
3426117874
3043560857
3835620541
686222636
2754540461
2824812113
2754790406
3303743773
1259563640
1995536587
2518325308
2670507092
1850510396
2496277260
1296828168
997156230
1544018697
1620630055
421394508
2207066902
2401955219
3554277633
3218879771
1437269793
3992381132
2196310629
4143942850
2326032876
2738397644
1360047860
2420070827
2390865032
1026244758
3961912176
2012074911
267720884
3082316538
1678654388
2030924323
2316449977
2140759520
1405127035
842417386
1782938474
3643668390
1460641995
2688295825
2609663047
2398858507
3443873996
1429244371
3428199788
1432321238
2734288667
152821684
2417135118
3951244075
2747553983
727756311
3780704692
510687712
2746631099
3044964728
2614641704
1061987145
3902913172
49232317
202516291
118173786
1389349231
1177648541
2003006256
1386467063
432756085
1353288813
2742583972
2191917610
2442806644
2254619839
3382903772
2867265524
3005621872
3710180112
3730576075
459443220
286724063
3384584462
2695256439
45641099
3218277970
1289083228
4102380278
3710929098
1154118486
4195030545
2646303500
892247405
3982999708
2100509423
3024013113
3589408278
1614873522
3823009912
306662084
2389411552
2059350961
459053655
4028094656
232630790
312459494
3561967621
2741811762
3968023102
2926626491
771692680
790264126
3186219766
618695500
168745485
1547467408
1800343737
2443075865
814848993
3431421789
594204019
790456092
2257381809
2832177914
835111744
2635492680
1235485625
3243294510
1730655386
1456451079
259455369
2497546238
2603685318
3005234046
2325498441
3376063657
1743668844
1443985177
1225112059
1669943622
177673277
2847596298
2138360128
1918961610
4149304317
2980130117
1860555838
2153147243
2361459957
425671377
677006323
787333126
289714675
8025700
244538578
2543126645
2892761485
4224704298
452983624
2093733572
2673642425
4134751899
2389927408
2470323622
755527053
4034063019
3394014030
1526384513
1173463944
3095897529
2667876325
3005573638
2971325623
624685070
508940486
341298751
1920972388
1225889452
819957740
1677771401
2067224230
3227712133
2096529030
3190086897
2252206100
2515098619
1732914767
3970979043
637178564
1242997159
1719535142
3415762880
2195120193
2823919322
612220927
938683455
2302906179
361521233
3385241675
2161751394
2927722745
1305686025
291502288
3729022599
3502084474
841023765
2937003533
2619602977
3591001963
4169539006
3135941005
450365107
3687393705
1776195958
2420185468
4125737149
1620206237
2412949713
3958303992
3096418247
3228417043
2585500355
3582194233
53280819
1058931641
391257282
950607155
3656113342
3180717673
3782332683
2808161441
2969068160
1399228435
2353832665
3072492049
1327615862
3051108225
3410811006
3615985038
3960454952
1327704391
1164542763
4041707891
1790992028
1216642572
2105695398
102821980
671010417
3194228240
390941160
2597811408
1314389535
954661186
3666133113
1732188088
958058607
1252679308
4000597306
3764085834
3590125883
4198088594
1511994562
459485322
3269389639
2576358547
1802450370
283691328
249304515
1000686045
319176865
523286778
1920438219
1072128049
4190828108
3332444844
3669132179
482611438
3902699392
1955492948
3267319253
222991492
2090394312
432106190
1689219348
3592648548
2624407723
3695277812
3494218655
2640346882
2785959882
3124003712
155048977
3028149729
3023655028
812204492
3876498295
2348670484
2097532050
1088776379
2141390019
176681593
753914993
1834209682
4170723161
3134016280
1434734310
2455232764
2862516445
1458343780
190812462
3906749409
864081314
2898995711
2066791516
1152736731
3958561858
4280648313
1812545963
2672518882
2309778358
1862800330
1502825361
2209677409
2572523756
3304816934
907041004
2824626443
2664393493
3512443724
2456237418
1403780486
1971305453
3196397899
525998474
3185479503
634738641
3590707892
2718513366
820457594
1457677103
2998219795
232839855
2112312659
3022434773
4105430009
1399388888
1415007844
1161168986
2292107531
2535593386
3861779502
3711972582
568432159
3320150580
1730653143
4018470965
1658941801
1097864019
747450559
3632799326
1025720296
4179870830
2354674161
545847800
148452270
2826812401
2747224966
4101175372
1433761862
2365575444
3438046998
2743556417
2865771967
1573115460
1280405894
1209880629
2087633227
1897370817
1064752830
2719647104
2084899409
3697991974
885060183
2388264323
902925079
1897386599
31628063
1513237568
1463026651
3046753597
3454534562
957347181
926509444
3454494549
1819479071
3592492944
1404000542
1878816465
974229618
3008200977
2020083753
1769586723
3377788428
2230087407
3363090287
2059110759
4067404062
1292314662
2239104303
844717056
4294167630
1734119802
2317781461
3334319564
493842270
53454709
2575704689
901387347
3832806387
3943427681
1322285689
3449815429
3002874226
3160207954
3027860704
353971597
1086683195
3654035841
920144331
1298491499
1971584951
778746444
2691651210
1516268521
1294067569
4252537612
1982065334
1042127071
1137787282
3085488003
2543945736
3497497247
4007254675
4016336287
2580128918
2136656
2135557902
2709615155
235298690
3199450039
3065109396
1764056655
2324189588
1027454670
2125641680
203417684
2721332873
1179888126
1328071780
287462642
3766205646
1378955476
2592785448
2384350616
1603127446
660115179
1470149673
2789947527
2859251054
407588248
4154674999
817223368
1057756999
2548047636
1056718371
2528660651
1373295873
1618241344
2325599966
4099576609
122124707
745739269
1347145971
1909901536
3594016120
1503356285
2925709916
2305245877
532656936
1145146934
1238591242
3802656681
2098116685
1728881977
2747244624
2172827342
3436011495
3862511825
2382881746
772176254
505780528
715412608
1470828046
1946254443
2977051425
188624422
2753628620
690024542
385200421
909331387
1282943776
4076216386
798286022
2265639819
3032510854
3905898796
3663710472
2689624860
395725505
2577111559
3209797441
3535084395
2674500472
4134519450
226350279
445522552
245689382
4084740380
2663667562
3882013146
618330597
4112975051
3462094756
2294746222
4079807063
1230468595
2910280515
2124285039
217873666
4199209593
3310819333
747481340
3572231592
2158269520
392521910
3486673256
194235434
3621581856
2199399301
2625983833
3679966691
915222296
2327368622
4047217252
1508807313
952746984
700502438
2998314527
1253720848
1692091301
331357791
2827515317
3547299279
863112497
940394535
3538801787
2605971456
4059245945
309423368
1708892443
2434536543
3823740827
2000741617
682930698
2879064303
3694318231
1044518892
4242063150
2761932021
1337144102
4267365431
1237541892
3067519874
2942258059
1683608364
2500853733
1747312249
1566390909
3293866951
2731895748
4281228817
268723965
2547284478
41332810
2370041770
1870964085
4056766227
1291922392
973478734
1535912948
747314018
3147372985
1398746640
1867649353
3344696700
1301427057
3139404284
2506479519
1349463920
2451852507
593139258
386760886
726079569
3188013463
1134344904
3392545217
1483248711
2262340740
1826919668
1123724133
691914721
1647827817
2898346845
3518328671
2128835901
3347317221
1586319455
1411000101
2274045962
144262817
2755679801
1519795794
613654486
1271129042
3510332887
2363154024
2729873417
3168225513
1470855242
3755010101
226498448
2351373254
4113983650
3028910021
2978221084
3877837063
3854197958
2160858077
2062471929
1156790158
2039684670
1043555566
3558796538
3183419391
568559176
3064022704
2816183736
893998343
3037149282
123455162
2976416735
618410534
3975147888
3780068269
672653695
2850511569
391639405
2069924862
2344663754
510393000
1478602434
3429398332
1414173113
737429818
778246279
1256647289
3135805185
3425199168
3194761810
3066426967
2932368226
2277147441
3533621350
2731687939
1426574823
4028668447
2562349264
3762458717
1360941996
42618557
3301288662
4095391371
2162041251
3448335252
155887968
3460132255
1655179377
1010152979
466974975
3375369111
2809727451
534386487
3432100602
3489006392
2328414603
1040557410
939589943
3821714589
1807036885
2841333483
36930201
2818557266
1597546502
2219200360
143340099
3081454276
3965522590
1317712545
2967137277
1394673908
1675698834
4162540914
2621089166
2442297521
2489756252
3096109295
1496483451
2540816007
4120115161
3579701295
3424103995
1051192100
3129622229
1982135031
3893003486
1181193588
3667972633
3218501939
132353299
4283928548
3881059270
1884680034
753688392
1440453892
179271858
3748706903
2679266947
2818512995
2820396813
677238317
3437957664
3096500253
692959115
986745011
1074406853
999496060
3060425507
3776533635
2384486937
1787079619
3984093789
528435459
3579172975
2279352893
4193056880
258602588
799867261
3324505638
252335555
1398847201
3850855008
3321611822
4193712503
2387159175
2702552702
2759094793
662695820
3909955963
1597419165
3321224983
3183926744
3448758300
1744444851
3623084918
1435136056
304745192
1908325219
3287841543
649262055
2331052382
1605490500
2872242713
543736743
1380442245
2479975853
3906411067
1314728289
962206199
2689812557
3590617867
3134425418
552794069
1442325309
1064545871
2731460977
2691410416
1203033568
2172312367
2311471651
1486873207
4077756262
1019125164
3424168770
1525624561
770186855
3034664925
3286662987
1568860904
713415294
434988767
1746513596
3933080457
1748474687
350873847
3086258091
1367402320
2162778864
147576226
2978111697
2158554661
1112931202
3558103078
2603609033
4249118038
1719774984
290946246
3759498576
3755148125
3479850030
2288867768
2387601506
1977776041
335002776
371868441
3785758788
2865260110
3137456328
2795533013
2481286605
635059969
2581961400
3325169865
3901907031
657108223
3377608929
2348496814
2881477117
2707585300
916775904
2024560502
2374155157
3800653689
3558361145
1873526641
1283119377
4069577089
729072846
3170861780
1529290158
4184546679
3146973527
2123398618
1169768396
1633992871
1048015272
223380528
4025847551
3910580458
2651949180
119069126
1881139536
4001070323
2575060069
7675359
2003971401
3751492450
2313290830
4261202571
3804881410
2526440057
3445124724
3832837092
1574016273
743113602
1161877387
2577944484
1301174465
964875521
626008325
104363694
1579384326
4066208710
533793669
2025788
562391268
732025960
1183610412
1275127486
829906921
2829954028
2306212251
4179364271
3052445729
1823500652
2988100851
1080905136
803695087
4229239577
3382749646
2096138533
1424276879
543464613
462493735
2164622396
885523426
1598869341
729300535
3064729207
2512374472
557606668
961728715
2075479256
3860667236
1984904647
1919606723
3897854297
828591106
2277716423
401279578
1900452881
962210173
1285293657
2746987838
2659956753
1897948225
3095901163
3392577930
1812594589
4058623819
2074352129
3870563306
4099029813
1624697046
260031898
998010458
2475121225
3446143858
2289690853
1001949196
342834851
2282238189
2669555100
3729041424
2716234328
1118555826
115162762
2345280683
1466534506
349133291
3171757500
3882173258
2536250330
217626031
994757197
3571517986
2741972202
605588274
2731817568
630072594
3511783143
2721433800
2117427125
2050876883
1642728852
809596974
1557281497
818457007
1522870286
703628529
357753909
3115860774
892360253
356220265
910673621
893073389
2802148134
2521765787
4138037165
451467086
881116648
798362778
3527643115
1161182089
2980566605
1609442217
2428771683
2561261446
3179152889
1429484806
739656954
1183023605
2523640318
1975792100
1815293448
2510892744
1088294283
3962411722
4156564586
2949679097
4227147363
1088248332
4102113728
1765628248
3210037412
4076806745
254213878
1136262716
2393989747
1887069476
3586843959
2718612282
4116286108
4224597626
1295529818
4171081514
3858717825
613570933
1181691900
727280318
2940411411
1339478474
3604971632
2375268457
3772490678
3632233996
999008199
1872009285
724990059
2290130162
3600291087
3086238797
3769531874
2455737156
2363381545
1089395629
2976722467
1096329987
1496353072
2533964152
5488666
896179495
157786750
684022018
494360628
686394578
3302931524
476252946
591261771
615570348
776329902
3677256915
2363233923
4225443349
1657960367